p=0.001:
169
162
187
164
175
179
156
151
179
175
169
168
172
181
173
161
166
178
170
168
178
179
165
178
163
172
166
188
194
185
168
174
168
163
172
169
193
188
164
187
173
157
187
174
180
173
187
163
167
168
172
195
166
189
188
171
177
164
167
159
161
180
160
171
185
181
163
166
173
161
187
162
166
175
172
185
177
162
170
172
170
168
154
176
179
179
175
150
155
178
181
177
179
157
175
164
178
171
191
163
p=0.006:
465
466
457
459
453
459
455
467
467
458
459
466
461
464
455
460
458
456
460
460
455
455
460
463
463
467
462
452
456
460
460
465
470
452
460
461
455
458
470
455
462
456
458
446
461
460
454
463
451
468
458
452
462
468
466
466
464
472
469
467
461
464
464
469
471
459
460
466
457
472
468
459
456
463
465
465
460
461
465
462
459
464
472
466
465
460
469
458
447
464
472
464
464
462
459
459
456
469
461
467
p=0.011:
496
495
496
497
499
498
499
498
495
494
500
496
499
496
498
494
497
498
498
498
496
496
497
496
498
497
498
497
497
497
499
496
497
498
499
497
498
499
498
497
498
497
495
497
497
498
497
498
496
496
494
494
498
495
498
498
497
496
495
498
497
498
489
498
497
499
498
496
497
497
498
498
499
497
497
496
497
497
497
498
500
497
497
497
498
498
495
497
497
498
497
494
498
497
499
497
496
494
497
498
p=0.016:
500
500
500
500
499
499
500
500
500
500
500
499
500
500
500
500
499
499
500
500
499
500
499
500
500
499
500
500
499
500
500
500
500
500
500
500
499
500
500
500
500
500
500
500
500
500
500
499
500
500
500
500
499
500
499
500
500
500
500
500
500
500
500
500
499
499
499
499
500
500
499
500
500
499
500
500
499
499
500
500
500
499
500
499
500
500
500
499
499
500
499
500
499
500
500
500
499
500
500
500
p=0.021:
500
499
500
500
500
500
500
500
500
500
500
500
500
500
500
500
500
500
500
500
500
500
500
500
500
500
500
500
500
500
500
500
500
500
500
500
500
500
500
500
500
500
500
500
500
500
500
500
500
500
500
500
500
500
500
500
500
500
500
500
500
500
500
500
500
500
500
500
500
500
500
500
500
500
500
500
500
500
500
500
500
500
500
500
500
500
500
500
500
500
500
500
500
500
500
500
500
500
500
500
p=0.026:
500
500
500
500
500
500
500
500
500
500
500
500
500
500
500
500
500
500
500
500
500
500
500
500
500
500
500
500
500
500
500
500
500
500
500
500
500
500
500
500
500
500
500
500
500
500
500
500
500
500
500
500
500
500
500
500
500
500
500
500
500
500
500
500
500
500
500
500
500
500
500
500
500
500
500
500
500
500
500
500
500
500
500
500
500
500
500
500
500
500
500
500
500
500
500
500
500
500
500
500
p=0.031:
500
500
500
500
500
500
500
500
500
500
500
500
500
500
500
500
500
500
500
500
500
500
500
500
500
500
500
500
500
500
500
500
500
500
500
500
500
500
500
500
500
500
500
500
500
500
500
500
500
500
500
500
500
500
500
500
500
500
500
500
500
500
500
500
500
500
500
500
500
500
500
500
500
500
500
500
500
500
500
500
500
500
500
500
500
500
500
500
500
500
500
500
500
500
500
500
500
500
500
500
p=0.036:
500
500
500
500
500
500
500
500
500
500
500
500
500
500
500
500
500
500
500
500
500
500
500
500
500
500
500
500
500
500
500
500
500
500
500
500
500
500
500
500
500
500
500
500
500
500
500
500
500
500
500
500
500
500
500
500
500
500
500
500
500
500
500
500
500
500
500
500
500
500
500
500
500
500
500
500
500
500
500
500
500
500
500
500
500
500
500
500
500
500
500
500
500
500
500
500
500
500
500
500
p=0.041:
500
500
500
500
500
500
500
500
500
500
500
500
500
500
500
500
500
500
500
500
500
500
500
500
500
500
500
500
500
500
500
500
500
500
500
500
500
500
500
500
500
500
500
500
500
500
500
500
500
500
500
500
500
500
500
500
500
500
500
500
500
500
500
500
500
500
500
500
500
500
500
500
500
500
500
500
500
500
500
500
500
500
500
500
500
500
500
500
500
500
500
500
500
500
500
500
500
500
500
500
p=0.046:
500
500
500
500
500
500
500
500
500
500
500
500
500
500
500
500
500
500
500
500
500
500
500
500
500
500
500
500
500
500
500
500
500
500
500
500
500
500
500
500
500
500
500
500
500
500
500
500
500
500
500
500
500
500
500
500
500
500
500
500
500
500
500
500
500
500
500
500
500
500
500
500
500
500
500
500
500
500
500
500
500
500
500
500
500
500
500
500
500
500
500
500
500
500
500
500
500
500
500
500
p=0.051:
500
500
500
500
500
500
500
500
500
500
500
500
500
500
500
500
500
500
500
500
500
500
500
500
500
500
500
500
500
500
500
500
500
500
500
500
500
500
500
500
500
500
500
500
500
500
500
500
500
500
500
500
500
500
500
500
500
500
500
500
500
500
500
500
500
500
500
500
500
500
500
500
500
500
500
500
500
500
500
500
500
500
500
500
500
500
500
500
500
500
500
500
500
500
500
500
500
500
500
500
p=0.056:
500
500
500
500
500
500
500
500
500
500
500
500
500
500
500
500
500
500
500
500
500
500
500
500
500
500
500
500
500
500
500
500
500
500
500
500
500
500
500
500
500
500
500
500
500
500
500
500
500
500
500
500
500
500
500
500
500
500
500
500
500
500
500
500
500
500
500
500
500
500
500
500
500
500
500
500
500
500
500
500
500
500
500
500
500
500
500
500
500
500
500
500
500
500
500
500
500
500
500
500
