graphes bipartis:

c=(0,100,100,100,100,100,100,100,100,100,100,100,100,100,100,100,100,100,100)

c=(0,0,2,66,93,100,100,100,100,100,100,100)

c(0,24,67,73,94,100,98,100,100,100)

c(95,94,100,99,99,100,99,99,98,98,100)

graphes classiques:

c(96,100,100,100,100,100,100,100,100,100,100,100,100,100,100,100,100,100,100)

c(0,8,98,100,100,100,100,100,100,100,100,100)

c(0,0,0,1,42,82,95,99,100,100,100)

c(3,11,48,78,88,97,98,99,99,100)

c(99,92,99,100,98,98,100,100,99,98)

c(961,971,973,980,980,987,998,994,993,995)