graphes bipartis:

c=(0.01,0.06,0.11,0.16,0.21,0.26,0.31,0.36,0.41,0.46,0.51,0.56,0.61,0.66,0.71,0.76,0.81,0.86,0.91)

c=(0.001,0.006,0.011,0.016,0.021,0.026,0.031,0.036,0.041,0.046,0.051,0.056)

c(0.011,0.013,0.015,0.017,0.019,0.021,0.023,0.025,0.027,0.029)

c(0.019,0.0196,0.0202,0.0208,0.0214,0.022,0.0226,0.0232,0.0238,0.0244,0.025)

graphes classiques:

c(0.01,0.06,0.11,0.16,0.21,0.26,0.31,0.36,0.41,0.46,0.51,0.56,0.61,0.66,0.71,0.76,0.81,0.86,0.91)

c(0.001,0.006,0.011,0.016,0.021,0.026,0.031,0.036,0.041,0.046,0.051,0.056)

c(0.001,0.0025,0.004,0.0055,0.007,0.0085,0.01,0.0115,0.013,0.0145,0.016)

c(0.0055,0.00625,0.007,0.00775,0.0085,0.00925,0.01,0.01075,0.0115,0.01225)

1000 essais entre 0.01 et 0.013
c(0.01,0.0103,0.0106,0.0109,0.0112,0.0115,0.0118,0.0121,0.0124,0.0127)